1
1
1
1
1
1
1
1
1
1
1
1
1
1
1
1
1
1
1
1
1
1
1
1
1
1
1
1
1
1
1
1
1
1
1
1
1
1
1
1
1
1
1
1
1
1
1
1
1
1
1
1
1
1
1
1
1
1
1
1
1
1
1
1
1
1
1
1
1
1
1
0
1
1
1
1
1
0
1
1
1
1
1
1
1
1
1
1
14
10
10
10
10
10
10
10
10
10
10
10
1
1
1
1
1
1
1
1
13
9
4
4
4
4
4
4
4
4
4
4
1
1
1
1
1
1
1
1
13
3
18
12
12
12
12
12
12
12
12
12
1
1
1
1
1
1
1
1
13
3
11
1
1
0
1
1
1
0
1
1
1
1
0
1
1
1
0
1
13
3
11
1
1
1
1
1
1
1
1
1
10
10
10
10
10
10
10
10
20
3
11
1
1
1
1
1
1
1
1
1
2
2
2
2
2
2
2
2
2
9
11
1
1
1
1
1
1
1
1
1
12
12
12
12
12
12
12
12
12
12
1
1
1
1
1
1
1
1
1
1
1
1
0
1
1
1
1
1
0
1
1
1
1
1
1
1
1
1
1
1
1
1
1
1
1
1
1
1
1
1
1
1
1
1
1
1
1
1
1
1
1
1
1
1
1
1
1
1
1
1
1
1
1
1
1
1
1
1
1
1
1
1
1
1
1
1
1
1
1
1
1
1
1
1
1
1
1
1
1
1
1
1
1
1
1
1
1
1
1
1
1
1
1
1
1
1
1
1
1
1
1
1
1
1
1
1
1
1
1
1
1
1
1
1
1
1
1
1
1
1
1
1
1
1
1
1
1
1
1
1
1
1
1
1
1
1
1
1
1
1
1
1
1
1
1
1
1
1
1
1
1
1
1
1
1
1
1
1
1
1
0
10
19
5
