1
1
1
1
1
13
0
0
0
0
0
0
0
0
0
0
0
0
0
0
1
1
1
1
1
13
0
0
0
0
0
0
0
0
0
0
0
0
0
0
1
1
1
1
1
13
0
0
0
0
0
0
0
0
0
0
0
0
0
0
1
1
1
1
1
13
0
0
0
1
1
1
1
0
0
0
0
0
0
0
10
10
10
10
10
20
0
0
0
1
1
1
1
0
0
0
0
0
0
0
0
0
0
0
0
0
0
0
0
1
1
1
1
0
0
9
2
2
2
2
0
0
0
0
0
0
0
0
0
1
1
1
1
0
0
3
1
1
1
0
0
0
18
19
0
0
0
0
0
0
0
0
0
0
0
3
1
1
1
0
0
0
21
20
0
0
0
0
0
0
0
0
0
0
0
3
1
1
1
0
0
0
0
0
0
0
0
0
0
0
0
0
0
0
0
3
0
0
0
0
2
2
2
2
2
2
9
0
0
0
0
0
0
0
0
3
0
0
0
0
0
0
0
1
1
1
3
0
0
0
0
0
0
0
0
3
0
0
0
0
0
0
0
1
1
1
3
1
1
1
1
1
1
1
1
3
0
0
0
0
0
0
0
1
1
1
3
1
1
1
1
1
1
1
1
3
0
0
0
0
0
0
0
0
0
0
3
1
1
1
1
1
1
1
1
3
0
0
0
0
0
0
0
0
0
0
3
6
2
2
2
2
2
2
2
9
0
0
0
0
0
0
0
0
0
0
0
0
0
0
0
0
0
0
0
0
0
0
0
0
0
0
0
0
0
0
0
0
0
1
1
1
0
0
0
0
0
0
0
0
0
0
0
0
0
0
0
0
0
1
1
1
0
0
0
0
0
0
0
0
0
0
0
0
0
0
0
0
0
1
1
1
0
0
0
0
0
0
0
0
0
10
19
5
