0
0
0
0
0
0
0
0
0
0
0
0
0
0
0
0
0
0
0
0
0
0
0
0
0
0
0
0
0
0
0
0
0
0
0
0
0
0
0
0
0
0
0
0
0
22
0
0
0
0
0
0
0
0
22
0
0
0
0
0
0
0
0
0
0
0
0
0
0
0
0
0
0
0
0
0
0
0
0
0
0
0
0
0
6
2
2
9
0
0
0
0
0
0
0
0
0
0
0
0
0
0
0
0
3
0
0
3
0
0
0
0
6
2
2
2
2
2
2
2
0
0
22
0
3
0
0
3
0
0
0
0
5
0
0
0
0
0
0
0
0
0
0
0
3
0
0
3
0
0
0
0
5
0
0
0
0
0
0
0
0
0
0
0
3
0
0
3
0
0
0
0
5
0
0
0
22
0
0
0
0
0
0
0
3
0
0
3
0
0
0
0
5
0
0
0
0
0
0
0
2
2
2
2
9
0
0
3
0
22
0
0
5
0
0
0
0
0
0
0
0
0
0
0
0
0
0
3
0
0
0
0
5
0
0
0
0
0
0
0
0
0
0
0
0
0
0
3
0
0
0
0
5
0
0
0
0
0
0
0
0
0
0
7
4
4
4
8
0
0
0
0
6
2
2
9
0
0
0
0
0
22
0
5
0
0
0
0
0
0
0
0
0
0
0
3
0
0
0
0
0
0
0
5
0
0
0
0
0
0
0
0
0
0
0
3
0
0
0
0
0
0
0
5
0
0
0
0
0
0
0
0
0
0
0
3
0
0
0
0
0
0
0
7
4
4
4
4
4
4
4
4
4
4
4
8
0
0
0
0
0
0
0
0
0
0
0
0
0
0
0
0
0
0
0
0
0
0
0
0
0
0
0
0
0
0
0
0
0
0
0
0
0
0
0
0
0
0
0
0
0
10
19
5
